,formula,defectid,site,Eb_sum,Eb_sum_bva,Vr_max,Eg,Ev,Ehull
9,Co3O4,0009648,1,,,-1.2318970816502175,1.6478,4.1201,0.0
10,Fe1O1,0009684,1,,,-1.41,1.089,5.0763,0.0
196,Ba1Fe1O3,0115344,1,,,,0.6255,0.5393,0.0
197,Ba1Fe1O3,0115344,2,,,,0.6255,0.5346,0.0
198,Ba1Fe1O3,0115344,3,,,,0.6255,0.2815,0.0
199,Ba1Fe1O3,0115344,4,,,,0.6255,0.4659,0.0
200,Ba1Fe1O3,0115344,5,,,,0.6255,1.0307,0.0
201,Ba1Fe1O3,0115344,6,,,,0.6255,1.2079,0.0
202,Ba1Fe1O3,0115344,7,,,,0.6255,1.2223,0.0
203,Ba1Fe1O3,0115344,8,,,,0.6255,1.1015,0.0
204,Ba1Fe1O3,0115344,9,,,,0.6255,1.2119,0.0
205,Ba1Fe1O3,0115344,10,,,-1.2626789622871115,0.6255,0.8996,0.0
210,Ba1Mn3O6,0117270,5,,,-0.5156224113418986,0.0939,1.4805,0.0
211,Ba1Mn3O6,0117270,6,,,-0.433744681701679,0.0939,0.285,0.0
212,Ba1Mn3O6,0117270,7,,,-0.433744681701679,0.0939,2.3331,0.0
225,Fe2O5Sr3,0124785,1,,,-1.41,0.6747,4.7267,0.0
226,Fe2O5Sr3,0124785,2,,,-1.41,0.6747,4.778,0.0
227,Fe2O5Sr3,0124785,3,,,-1.41,0.6747,5.4016,0.0
244,Co1O3Sr1,0136293,1,,,,0.4887,2.4789,0.0
245,Co1O3Sr1,0136293,2,,,,0.4887,2.8649,0.0
246,Co1O3Sr1,0136293,3,,,,0.4887,2.7913,0.0
247,Co1O3Sr1,0136293,4,,,,0.4887,3.1962,0.0
248,Co1O3Sr1,0136293,5,,,,0.4887,2.8475,0.0
249,Co1O3Sr1,0136293,6,,,,0.4887,2.38,0.0
250,Co1O3Sr1,0136293,7,,,,0.4887,2.4032,0.0
251,Co1O3Sr1,0136293,8,,,,0.4887,2.3349,0.0
257,Fe1O4Sr2,0142463,1,,,,0.2288,1.9858,0.0
258,Fe1O4Sr2,0142463,2,,,,0.2288,2.2501,0.0
290,Ca1Co2O4,0155087,1,,,,1.5016,4.3137,0.0
291,Ca1Co2O4,0155087,2,,,,1.5016,3.3239,0.0
292,Ca1Co2O4,0155087,3,,,,1.5016,3.9338,0.0
293,Ca1Co2O4,0155087,4,,,,1.5016,3.5178,0.0
294,Co1O3Y1,0155205,1,,,,0.9879,2.4751,0.0
295,Co1O3Y1,0155205,2,,,,0.9879,2.5041,0.0
296,Fe1O3Sr1,0159544,1,,,,0.0467,0.934,0.0
297,Fe2O7Sr3,0159759,1,,,,0.0367,1.0297,0.0
298,Fe2O7Sr3,0159759,2,,,,0.0367,1.6842,0.0
299,Fe2O7Sr3,0159759,3,,,,0.0367,0.5224,0.0
300,Fe1O5Ti2,0159784,1,,,-1.41,1.1405,5.4368,0.0
301,Fe1O5Ti2,0159784,2,,,-1.41,1.1405,5.287,0.0
302,Fe1O5Ti2,0159784,3,,,-1.41,1.1405,5.2491,0.0
303,Fe1O2Sr1,0160074,1,,,-1.41,0.1476,4.9163,0.0
304,Co1La1O3,0169397,1,,,,1.0736,2.6204,0.0
305,Co1La1O3,0169397,2,,,,1.0736,2.4289,0.0
306,Ba2Fe1O4,0169441,1,,,,0.7901,2.2037,0.0
307,Ba2Fe1O4,0169441,2,,,,0.7901,2.4015,0.0
308,Ba2Fe1O4,0169441,3,,,,0.7901,2.6558,0.0
309,Ba2Fe1O4,0169441,4,,,,0.7901,2.7749,0.0
312,Ca1Fe1O2,0170770,1,,,-1.41,1.4027,5.363,0.0
313,Co5O15Sr6,0171017,1,,,,0.9149,2.8092,0.0
314,Co5O15Sr6,0171017,2,,,,0.9149,2.8073,0.0
315,Co5O15Sr6,0171017,3,,,,0.9149,2.8191,0.0
316,Co5O15Sr6,0171017,4,,,,0.9149,2.9466,0.0
317,Co5O15Sr6,0171017,5,,,,0.9149,3.075,0.0
318,Co5O15Sr6,0171017,6,,,,0.9149,2.9496,0.0
319,Co5O15Sr6,0171017,7,,,,0.9149,1.6966,0.0
320,Co5O15Sr6,0171017,8,,,,0.9149,1.7103,0.0
321,Co5O15Sr6,0171017,9,,,,0.9149,1.7076,0.0
322,Co5O15Sr6,0171017,10,,,,0.9149,1.101,0.0
323,Co5O15Sr6,0171017,11,,,,0.9149,1.1027,0.0
324,Co5O15Sr6,0171017,12,,,,0.9149,1.112,0.0
325,Co5O15Sr6,0171017,13,,,,0.9149,0.9633,0.0
326,Co5O15Sr6,0171017,14,,,,0.9149,1.124,0.0
327,Co5O15Sr6,0171017,15,,,,0.9149,0.6908,0.0
334,Fe1Nb2O6,0176178,1,,,-1.41,1.6559,5.2949,0.0
335,Fe1Nb2O6,0176178,2,,,-1.41,1.6559,5.0063,0.0
341,Ba3Mn2O8,0184694,1,,,,1.7229,3.2896,0.0
342,Ba3Mn2O8,0184694,2,,,,1.7229,3.2502,0.0
413,Ba5Co5O14,0185107,1,,,,0.9572,1.4104,0.0
414,Ba5Co5O14,0185107,2,,,,0.9572,1.6794,0.0
415,Ba5Co5O14,0185107,3,,,,0.9572,1.6998,0.0
422,Ba3Fe1O5,0185205,1,,,,0.2794,2.6054,0.0
423,Ba3Fe1O5,0185205,2,,,,0.2794,2.8479,0.0
424,Ba3Fe1O5,0185205,3,,,,0.2794,2.2623,0.0
426,Ba1Mn2O8,0185408,1,,,,1.732,0.6038,0.0
427,Ba1Mn2O8,0185408,2,,,,1.732,1.712,0.0
428,Co1O2,0187243,1,,,,1.2038,1.7236,0.0
435,Fe3O4,0191339,1,,,-1.2626789622871115,0.0471,3.3108,0.0
436,Fe3O4,0191339,2,,,-1.2626789622871115,0.0471,3.3922,0.0
465,Al2Fe1O4,0289591,1,,,-1.41,2.2095,6.1911,0.0
